%YAML:1.0
---
camera_matrix: !!opencv-matrix
   rows: 3
   cols: 3
   dt: d
   data: [1675.190324, 0.000000, 666.898096, 0.000000, 1673.390117, 542.924254, 0.000000, 0.000000, 1.000000]
dist_coeffs: !!opencv-matrix
   rows: 1
   cols: 5
   dt: d
   data: [-0.052682, -1.419622, 0.002397, -0.001616, 6.639579]
reprojection_error: 0.147557
image_size: [1334, 1086]
